00000000: 01111111 01111101 00001111 00001110 01110110 00000010  .}..v.
00000006: 01110110 00000000 01111111 01111111 01110001 00000010  v...q.
0000000c: 01110100 00001000 01110011 00000101 11111110 01110100  t.s..t
00000012: 00000001 01110000 00000000 01110010 00000001 01110100  .p.r.t
00000018: 00000001 01110011 00001111 00001001 01110111 00000000  .s..w.
0000001e: 01110000 00000000 01110001 11110000 11111010 11110000  p.q...
00000024: 01010000 00110000 11110000 11111000 01110100 00000000  P0..t.
0000002a: 01111111 00000000 01110011 00000001 01111010 00000000  ..s.z.
00000030: 01110110 00001111 00000010 11111110 01111111 01111101  v....}
00000036: 00001111 00000011 01110000 00000000 01110010 00110000  ..p.r0
0000003c: 10100000 00010000 10100000 00010001 10100001 00110101  .....5
00000042: 01010001 10100001 00110001 10100000 00110000 10100000  Q.1.0.
00000048: 11110000 01110000 00000000 01111110 00000001 01111110  .p.~.~
0000004e: 00000000 01111000 00000111 01110001 00000110 11111110  .x.q..
00000054: 01111111 01111001 00000001 01110001 00001111 00000000  .y.q..
0000005a: 01110010 11111000 10100000 00110010 01010010 00110000  r..2R0
00000060: 10100010 00010000 10101000 00010100 00110000 10100000  ....0.
00000066: 00110000 10100000 00010000 11100000 01111111 01111111  0.....
0000006c: 01110111 00001111 00000000 11111110 01111111 01110100  w....t
00000072: 00000000 01110111 00001101 01110011 10100000 00110000  .w.s.0
00000078: 01010000 01000000 01010100 00110010 10100000 00010000  P@T2..
0000007e: 10100000 00110001 10100111 00010011 11010011 00010000  .1....
00000084: 10100000 11010000 10100001 00000000 01111111 01111111  ......
0000008a: 01110100 00000010 01110000 00000101 01110010 00000010  t.p.r.
00000090: 11111110 01111111 01111101 00001000 01110011 00110000  ..}.s0
00000096: 10100001 00110001 01010010 01000000 01010001 00110001  .1R@Q1
0000009c: 10100001 00110011 10100000 00110001 10100101 00010000  .3.1..
000000a2: 10100000 00010001 11010000 00010000 10100000 00010011  ......
000000a8: 11010010 10100000 00110000 10100001 11111000 00000000  ..0...
000000ae: 01111111 01111111 00001001 01110001 00000100 11111110  ...q..
000000b4: 01110001 00000001 01110011 00000000 01110010 00000010  q.s.r.
000000ba: 01110000 00000001 01110000 00001001 01110000 00000111  p.p.p.
000000c0: 01110000 11100000 00010010 10100000 00110001 01010010  p...1R
000000c6: 00110010 10100011 00010001 10100110 00110000 10100010  2...0.
000000cc: 00010000 10100001 00010000 10100001 00010000 10100000  ......
000000d2: 00010100 11010000 00010000 11010011 00010000 10100000  ......
000000d8: 00010000 10100000 01111111 01111111 00001010 01110001  .....q
000000de: 00000010 11111110 01110001 00000001 01110011 00000000  ..q.s.
000000e4: 01110110 00000001 01110000 00000011 01110010 00000110  v.p.r.
000000ea: 01110001 00110001 11010000 00010011 10100000 00110011  q1...3
000000f0: 01010000 00110000 10100000 00010000 10100001 00010001  P0....
000000f6: 10100010 00110000 10100000 00110000 10101000 00010000  .0.0..
000000fc: 10100101 00010000 10100001 00010101 11010000 00010000  ......
00000102: 11010001 00010000 10100000 11010000 10010000 00110000  .....0
00000108: 01111111 01110001 00000000 01110110 00001111 00000010  .q.v..
0000010e: 11111110 01110001 00000001 01110011 00000000 01110110  .q.s.v
00000114: 00000001 01110000 00000011 01110001 00000010 01110011  .p.q.s
0000011a: 11111000 00110000 10010000 11010011 00010000 10100010  .0....
00000120: 00110001 01010000 10100000 11010000 10100000 00010011  1P....
00000126: 10100001 00010000 10100100 00010000 10100000 00110000  .....0
0000012c: 10100011 00010000 10100111 00010001 10100001 00010110  ......
00000132: 11010010 10010000 00010001 11010001 10010000 10100000  ......
00000138: 00010000 11111000 01111100 00000000 01110110 00001111  ..|.v.
0000013e: 00000010 11111110 01111111 01111000 00000001 01110000  ...x.p
00000144: 11100000 00110000 10010000 10110011 10010000 11010000  .0....
0000014a: 00010001 10100000 00110000 00010000 00110000 10100001  ..0.0.
00000150: 00010000 10100000 00110000 11010001 00010001 10100000  ..0...
00000156: 00010001 10100000 00010000 10100100 00110000 10101011  ....0.
0000015c: 00010000 10100001 00011010 11010011 10010000 11010000  ......
00000162: 10100000 11010001 00100001 10000000 01100000 00100000  ..!.` 
00000168: 10000000 11010000 11110000 01111111 01110111 00000000  ....w.
0000016e: 01110101 00000010 11111110 01111111 01111000 11110000  u...x.
00000174: 10110000 01100100 10110000 11010010 00010001 10100000  .d....
0000017a: 00110001 10100000 00010000 10100010 11010001 00010001  1.....
00000180: 10100000 00010000 10100001 00110000 10100000 00110000  ...0.0
00000186: 10100001 00010000 00110000 10100110 00110001 10100000  ..0.1.
0000018c: 00110000 10100100 00110000 10100011 00010000 10100000  0.0...
00000192: 00010010 11010000 00010000 11010001 00010000 11010011  ......
00000198: 10010000 11010001 10110000 10000000 01100101 10110000  ....e.
0000019e: 11111000 01110000 00000001 01110000 00000000 01110100  .p.p.t
000001a4: 00000001 01110010 00000110 01110010 00000010 01110000  .r.r.p
000001aa: 00000001 11111110 01111111 01110110 01100110 00100000  ...vf 
000001b0: 10010000 00010000 11010000 00010000 10100001 00110010  .....2
000001b6: 10100000 00110000 00010001 10100000 00010001 10100011  .0....
000001bc: 00010000 00110011 10100001 00110010 10100000 00110000  .3.2.0
000001c2: 10100011 00110110 10100000 00110010 10100000 00110000  .6.2.0
000001c8: 10100000 00010000 10100011 00010100 11010000 00010011  ......
000001ce: 11010001 10010000 11010000 10010000 10110000 10000000  ......
000001d4: 01100110 00100000 11111000 01111111 01111011 11111110  f ..{.
000001da: 01111111 01110100 01010000 01100110 10000000 10010000  .tPf..
000001e0: 11010000 00010000 10100011 00110001 10100100 00010000  ...1..
000001e6: 10100000 00110000 10100010 00110011 10100000 00110110  .0.3.6
000001ec: 01010000 00110010 10100001 00110101 10100001 00110001  P2.5.1
000001f2: 10100001 00110000 00010000 10100000 00010000 10100100  .0....
000001f8: 00010110 11010000 00010000 11010010 10010001 10110000  ......
000001fe: 01101001 01010000 11111000 01110110 00000010 01110000  iP.v.p
00000204: 00000010 01110010 00000000 01110000 00000001 01110010  .r.p.r
0000020a: 11111110 01111111 01110011 10000000 01100110 10000000  ..s.f.
00000210: 10110000 11010000 00010001 10100000 00110011 00010000  ....3.
00000216: 10100110 00110000 10100000 00110011 01010001 00110000  .0.3Q0
0000021c: 01010111 00110011 10100001 00110011 10100000 00110010  W3.3.2
00000222: 10100000 00110000 10100000 00110000 10100000 00110000  .0.0.0
00000228: 10100010 00110000 10100000 00110000 10100000 00010000  .0.0..
0000022e: 10100000 00011000 11010001 10010001 00100000 01101001  .... i
00000234: 10010000 01110000 00000000 01110001 00000001 01110010  .p.q.r
0000023a: 00000100 01110010 00000000 01110010 00000001 11111110  .r.r..
00000240: 01111111 01110010 01100111 10110000 10010000 00010001  .rg...
00000246: 10100000 00110000 10100000 00010000 10100000 00110000  .0...0
0000024c: 10100011 00110000 10100001 00110110 01010000 00110000  .0.6P0
00000252: 01010101 01000000 01010000 01000000 01010001 01000000  U@P@Q@
00000258: 01010001 00110010 01010000 00110101 01010000 00110010  Q2P5P2
0000025e: 10100000 00110000 10100000 00110001 10100110 00011000  .0.1..
00000264: 11010010 10010000 10110001 01101001 10000000 11111000  ...i..
0000026a: 01110101 00000011 01110011 00000000 01110010 00000001  u.s.r.
00000270: 11111110 01111111 00000000 01110000 01100111 10110001  ...pg.
00000276: 11010000 10101101 00110011 01010001 00110000 01010011  ..3Q0S
0000027c: 00110001 01010001 01000000 01010010 01000000 01010110  1Q@R@V
00000282: 00110011 01010000 00110000 01010000 00111010 10100000  3P0P:.
00000288: 00110010 10100011 00010000 10100001 00010001 11010000  2.....
0000028e: 00010001 11010001 10010010 00100000 01101001 01000000  ... i@
00000294: 01110010 00000110 01110010 00000101 11111110 01111111  r.r...
0000029a: 01101000 10110000 10010001 10101100 00110100 01010111  h...4W
000002a0: 01000010 01010000 01000001 01010011 01000000 01011010  BPAS@Z
000002a6: 00110010 01010001 00110001 01010000 00110101 10100000  2Q1P5.
000002ac: 00110001 10100001 00110000 10100011 00010100 11010000  1.0...
000002b2: 10010000 11010000 10010001 10110000 10000000 01101001  .....i
000002b8: 00010000 11111000 01110001 00000100 01110001 00000110  ..q.q.
000002be: 11111110 01111010 00000010 01101001 00100000 10010000  .z.i .
000002c4: 11010000 00010000 10100100 11010000 00010000 10100100  ......
000002ca: 00110001 10100000 01010000 00110000 01011000 01000000  1.P0X@
000002d0: 01010001 01000101 01010000 01000000 01010011 01000000  QEP@S@
000002d6: 01010111 00110001 01010000 00110011 01010000 00110000  W1P3P0
000002dc: 01010000 00110010 01010000 00110001 10100000 00110010  P2P1.2
000002e2: 10100001 00010000 10100000 00010011 11010010 10010010  ......
000002e8: 10110000 01101010 01000000 11111000 01110001 00000001  .j@.q.
000002ee: 01110000 00001000 11111110 01111011 01101010 00100000  p..{j 
000002f4: 10010000 11010000 00010000 10100101 00010000 10100101  ......
000002fa: 00110010 01010110 00110000 01010000 01000001 01010001  2V0PAQ
00000300: 01000000 01010000 01001111 01010101 00110000 01010001  @POU0Q
00000306: 00110011 01010000 00110111 10100111 00010010 11010000  3P7...
0000030c: 00010001 11010001 10010000 10110000 01101010 10100000  ....j.
00000312: 11111000 00000000 01110001 00000000 01110101 11111110  ..q.u.
00000318: 01111001 01101100 10010000 11010001 10100101 11010000  yl....
0000031e: 10100100 00110011 01011000 01001000 11100001 01000000  .3XH.@
00000324: 11100000 01000100 11100000 01000001 01010001 01000000  .D.AQ@
0000032a: 01010110 00110001 01010010 00110001 01010000 00110010  V1R1P2
00000330: 10100000 00110010 10100010 00110000 10100010 00010101  .2.0..
00000336: 11010000 00010001 11010000 10010000 10000000 01101010  .....j
0000033c: 10100000 01110000 00000000 01111001 11111110 01110111  .p.y.w
00000342: 11010000 01101100 10110000 11010000 00010001 10100011  .l....
00000348: 00110000 10100110 00110001 01010000 10100000 01010001  0.1P.Q
0000034e: 01000000 01010000 01000000 01010000 01000101 11100000  @P@PE.
00000354: 01000011 11100010 01000000 11101000 01000010 11100000  C.@.B.
0000035a: 01010011 00110000 01010111 00110000 01010001 00110000  S0W0Q0
00000360: 01010000 00110011 10100000 00110000 10100100 00010000  P3.0..
00000366: 10100000 00010011 11010011 10010000 00100000 01101010  .... j
0000036c: 01010000 01111010 11111110 01110101 10110000 01101101  Pz.u.m
00000372: 10000000 10010000 11010000 00010000 10100100 00110000  .....0
00000378: 00010000 10100000 00110111 01010001 01001010 11100100  ..7QJ.
0000037e: 01000001 11100000 01000000 11100011 11000000 11100100  A.@...
00000384: 11000000 11100001 01000010 01010111 00110000 01010010  ..BW0R
0000038a: 00110001 01010000 00110011 10100000 00110000 10101001  1P3.0.
00000390: 00010011 11010001 10010000 10000000 01101010 11010000  ....j.
00000396: 01111001 11111110 01110000 00000000 01110010 01101111  y.p.ro
0000039c: 10010000 00010010 11010000 10100100 00010000 00110000  .....0
000003a2: 10100000 00110001 10100000 00110001 01010001 01000110  .1.1QF
000003a8: 11100000 01000001 11100000 01000000 11100000 01000000  .A.@.@
000003ae: 11000000 11100001 11000000 11100011 01000000 11100011  ....@.
000003b4: 11000010 11100000 11000000 11100000 01000100 01010000  ....DP
000003ba: 01000001 01010100 01000000 01010001 00110001 01010010  AT@Q1R
000003c0: 00110010 10100000 00110000 10100000 00110000 10100111  2.0.0.
000003c6: 00010011 11010010 10010000 01101011 01111001 11111110  ...ky.
000003cc: 01110000 00000000 01110001 10010000 01101111 10010000  p.q.o.
000003d2: 00010010 10100000 00110000 10100000 00110001 10100000  ..0.1.
000003d8: 00010000 10100011 00110000 01010011 01000110 11100101  ..0SF.
000003de: 11000000 11100000 11000000 11100010 11000000 11110000  ......
000003e4: 11100000 11000000 11110000 11000000 01000000 11000000  ....@.
000003ea: 11100000 11000100 11100010 01000000 11100000 01000001  ...@.A
000003f0: 01010010 01000000 01010000 01000000 01010000 01000000  R@P@P@
000003f6: 01010001 00110100 01010000 00110000 10100000 00110010  Q4P0.2
000003fc: 10100000 00110000 10100000 00010000 10100000 00010000  .0....
00000402: 10100001 00010100 11010001 10010000 10110000 01101011  .....k
00000408: 01111000 11111110 01110011 10000000 01101101 10000000  x.s.m.
0000040e: 10010000 11010000 00010000 10100101 00110001 10100000  ....1.
00000414: 00110000 10100000 00110001 01010010 01000101 01010000  0.1REP
0000041a: 01000001 11100011 11000000 11100001 11000010 11100000  A.....
00000420: 11000000 11100000 11000000 11100010 11000001 11100001  ......
00000426: 11000000 11110000 11000001 11100000 11000001 11100011  ......
0000042c: 01000000 11100000 01000100 11100000 01010000 01000000  @.D.P@
00000432: 01010000 01000000 00110001 01010001 00110000 01010000  P@1Q0P
00000438: 00110000 01010000 00110011 00010000 10100100 00010000  0P3...
0000043e: 10100000 00010011 11010001 10010000 10000000 01101010  .....j
00000444: 11100000 01110111 11111110 01110000 00000010 01101110  .w.p.n
0000044a: 10010000 11010001 00010001 10100000 00110011 10100000  ....3.
00000450: 00110000 10100001 00110000 01010011 01000000 01010010  0.0S@R
00000456: 01000010 11100101 11000001 11100000 11000011 11100000  B.....
0000045c: 11000010 11110000 11000010 11110001 11000000 11110000  ......
00000462: 11000000 11110000 11000000 11110010 11000000 11100011  ......
00000468: 01000000 11100001 01000000 11100000 01000001 01010000  @.@.AP
0000046e: 01000000 01010000 00110000 01010000 01000000 01010000  @P0P@P
00000474: 00110001 10100000 00110000 01010000 00110000 01010001  1.0P0Q
0000047a: 00110000 10100000 00110000 00010001 10100000 00010000  0.0...
00000480: 10100000 00010011 11010010 10010000 00100000 01101011  .... k
00000486: 11111000 01110110 11111110 01110011 01101100 10000000  .v.sl.
0000048c: 00100000 11010010 00010000 10100001 00110100 10100000   ...4.
00000492: 00110001 01010011 01000010 01010000 01000010 11100000  1SBPB.
00000498: 01000000 11000000 11100000 11000000 11100000 11000000  @.....
0000049e: 11100001 11000001 11100000 11000001 11100000 11000001  ......
000004a4: 11100000 11110000 11000000 11110000 11000000 11110000  ......
000004aa: 11000000 11110010 11000000 11110000 11000011 01000000  .....@
000004b0: 11100001 01000000 11100001 01000000 11000000 11100000  .@.@..
000004b6: 01000011 01010000 01000000 01010100 00110010 01010000  CP@T2P
000004bc: 00110000 01010000 00110001 10100001 00010001 10100001  0P1...
000004c2: 00010011 11010010 10010000 10110000 01100110 10000000  ....f.
000004c8: 10110000 01100010 10000000 01110110 11111110 01110011  .b.v.s
000004ce: 01101011 00100001 10010000 11010001 00010000 10100001  k!....
000004d4: 00110100 01010010 00110000 01010010 01000010 01010000  4R0RBP
000004da: 01000001 11100001 01000000 11100010 11000001 11100001  A.@...
000004e0: 11000000 11100000 11000000 11100000 11000001 11100000  ......
000004e6: 11110000 11100000 11110000 11000010 11100000 11110000  ......
000004ec: 11000000 11110001 11000001 11110011 11000010 01000000  .....@
000004f2: 11000000 00110000 11000000 01000001 11100011 01010000  .0.A.P
000004f8: 01000001 01010000 01000000 00110000 01010001 10100000  AP@0Q.
000004fe: 00110001 01000000 01010001 00110001 10100001 00110000  1@Q1.0
00000504: 10100000 00010000 10100000 00010010 11010000 00010000  ......
0000050a: 11010000 10010000 11010000 10110000 10000000 01100111  .....g
00000510: 10000000 01100010 01110110 11111110 01110010 00000000  .bv.r.
00000516: 01101011 00100000 10110000 11010010 00010000 10100010  k ....
0000051c: 00110001 01010000 10100000 01010001 00110000 01010010  1P.Q0R
00000522: 01000100 11100000 01000000 11100000 01000000 11101101  D.@.@.
00000528: 11000110 11110001 11000000 11110011 11000010 11110001  ......
0000052e: 11000000 11100011 01000001 11100010 01000010 01010000  ..A.BP
00000534: 01000000 01010000 01000000 01010000 00110010 10100000  @P@P2.
0000053a: 00110000 01010000 00110110 10100000 00010000 10100001  0P6...
00000540: 00010010 11010011 10010000 10110000 01101011 01110000  ....kp
00000546: 00000000 01110100 11111110 01110010 10000000 01101001  .t.r.i
0000054c: 10000000 00100000 10110000 10010000 11010000 00010001  . ....
00000552: 10100010 00110000 10100000 00110001 01010000 00110000  .0.1P0
00000558: 01010010 00110000 01010001 01000001 11100000 01000000  R0QA.@
0000055e: 11100001 01000000 11100010 01000000 11100110 01000000  .@.@.@
00000564: 11100001 11000001 11100000 11000000 11100000 11110000  ......
0000056a: 11000010 11110000 11000010 11110000 11000000 11110000  ......
00000570: 11000001 11100000 11000000 01000000 11000000 01000001  ...@.A
00000576: 11100000 01000000 11100000 01000001 01010000 01000010  .@.APB
0000057c: 01010101 00110000 01010000 10100000 01010001 00110110  U0P.Q6
00000582: 10100100 00010000 11010000 00010000 11010001 10010001  ......
00000588: 10110000 01101011 01110110 11111110 01110001 01000000  .kv.q@
0000058e: 01101010 10000000 00100000 10110000 11010001 00010000  j. ...
00000594: 10100011 00110000 10100000 01010000 00110000 01010100  .0.P0T
0000059a: 01000000 01010001 01000001 11101000 11000000 11100000  @QA...
000005a0: 11000000 11101000 01000000 11100001 11000010 11100001  ..@...
000005a6: 11000100 11110000 11000100 11100010 01000011 00110000  ....C0
000005ac: 01000100 01010000 01000000 00110001 01010000 10100000  DP@1P.
000005b2: 00111001 10100000 00110001 00010000 10100000 00010010  9.1...
000005b8: 11010011 10010000 00100000 10000000 01101010 01010000  .. .jP
000005be: 01110101 11111110 01110000 00000000 01010000 01101010  u.p.Pj
000005c4: 10000000 10010000 11010000 00010010 10100010 00110010  .....2
000005ca: 01010000 00110000 01010000 00110000 01010010 01000101  P0P0RE
000005d0: 11101111 11100111 11000000 11100000 11000100 11110101  ......
000005d6: 11000000 11110000 11000000 11100010 01000001 01010000  ....AP
000005dc: 01000010 01010001 00110000 01010001 00110001 01010000  BQ0Q1P
000005e2: 00110011 01010000 00110010 10100000 00110000 10100001  3P2.0.
000005e8: 00110000 10100000 00110000 10100001 00010000 11010000  0.0...
000005ee: 00010000 11010010 10010000 10110000 00100000 01101010  .... j
000005f4: 01110110 11111110 01110001 11000000 01101010 10110000  v.q.j.
000005fa: 10010000 00010001 10100100 00110011 01010011 01000110  ...3SF
00000600: 11100000 01000000 11100000 01000000 11100111 11000000  .@.@..
00000606: 11100101 11000010 11100000 01000000 11100010 11000000  ...@..
0000060c: 11100101 11000000 11110000 11000101 11100010 01000010  .....B
00000612: 11100000 01000000 01010100 00110000 01010000 00110000  .@T0P0
00000618: 01010000 00110101 10100010 00110000 10100110 00010011  P5.0..
0000061e: 11010000 10010001 00100000 01101001 11100000 01110110  .. i.v
00000624: 11111110 01110001 01101010 00100000 10110000 10010000  .qj ..
0000062a: 00010000 10100011 00110000 10100000 00110010 01010011  ..0.2S
00000630: 01000100 11100000 01000011 11100110 01000000 11100000  D.C.@.
00000636: 01000000 11100011 11000100 11100111 11000000 11100010  @.....
0000063c: 11000110 11100001 01000000 11100001 01000000 11100001  ..@.@.
00000642: 01000000 11100000 01000001 11100000 01000001 01010000  @.A.AP
00000648: 00110000 10100001 00110000 01010000 00110010 10101011  0.0P2.
0000064e: 00010011 11010001 10010000 10110000 10000000 01101000  .....h
00000654: 01110111 11111110 01110000 10110000 01101010 00100000  w.p.j 
0000065a: 10110000 11010000 00010000 11010000 10100001 00110000  .....0
00000660: 10100000 00110100 01010001 01000000 01010000 01000011  .4Q@PC
00000666: 11100001 01000100 11100000 01000010 11100000 01000011  .D.B.C
0000066c: 11100000 11000000 11100000 11000100 11110000 11000001  ......
00000672: 11110000 11000000 11100011 01000000 11100001 11000010  ...@..
00000678: 11100000 11110010 11000000 11100100 11000000 11100110  ......
0000067e: 01000000 01010000 01000000 01010001 00110100 10101000  @P@Q4.
00000684: 00010000 00110000 00010000 10100000 00010011 11010000  .0....
0000068a: 10010000 10110000 10000000 01101000 00000000 01110110  ...h.v
00000690: 11111110 00000000 10000000 01101001 10000000 00100000  ...i. 
00000696: 10110000 10010000 11010001 10100000 00110000 00010000  ....0.
0000069c: 00110100 01010011 01000110 11100000 01000001 01010000  4SF.AP
000006a2: 01000011 11100001 01000010 11100010 11000000 11100010  C.B...
000006a8: 11000011 11110000 11000011 11100000 11000000 11100000  ......
000006ae: 11110000 11000000 11100000 11000001 11100000 11110000  ......
000006b4: 11000000 11110000 11000000 11111000 11000000 11100000  ......
000006ba: 11000000 11100000 11000001 11100000 11000000 11100001  ......
000006c0: 01000000 11100000 01000000 11100000 01010000 01000001  @.@.PA
000006c6: 00110101 10100000 00110000 10101000 00010011 11010001  5.0...
000006cc: 10010000 10110000 00100000 01100110 10000000 01111000  .. f.x
000006d2: 11111110 01110000 01101011 10000000 10110000 10010000  .pk...
000006d8: 11010000 00010000 11010000 00010000 10100000 00110000  .....0
000006de: 10100000 00110001 01010001 01000000 01010000 01000110  .1Q@PF
000006e4: 01010000 01000110 11100000 01000011 11100011 11000000  PF.C..
000006ea: 11100000 11000011 11110000 11000010 11110000 11000000  ......
000006f0: 11110000 11100001 11110000 11000001 11110000 11000000  ......
000006f6: 11110001 11111000 01110000 11111000 11000000 11111000  ..p...
000006fc: 11110000 11000100 11100000 11000010 11100011 01000000  .....@
00000702: 11100000 01000000 01010001 00110011 10100010 00110000  .@Q3.0
00000708: 10100010 00010000 10100000 00010110 11010001 10010000  ......
0000070e: 10110000 01100110 01111000 11111110 01110000 11111000  .fx.p.
00000714: 01101010 00100010 10010000 11010000 00010000 10100001  j"....
0000071a: 00110001 01010010 01000000 01010001 01000001 01010000  1R@QAP
00000720: 01000100 01010000 01000010 01010001 01000000 01010000  DPBQ@P
00000726: 01000000 01010010 01000001 11100011 11000010 11110000  @RA...
0000072c: 11000010 11110000 11000000 11111100 11110000 11000001  ......
00000732: 11111000 11000000 11111000 11110000 01110001 11110000  ....q.
00000738: 11111000 01110000 11111001 11110000 11000100 11110000  .p....
0000073e: 11000000 11100010 11000000 11100000 01000000 01010000  ....@P
00000744: 00110001 10100000 00110001 10100000 00110000 00010011  1.1.0.
0000074a: 10100001 00010000 10100000 00010000 11010000 00010000  ......
00000750: 11010000 00010001 11010010 10010000 01100110 01110110  ....fv
00000756: 11111110 01110000 00000000 01101010 10000000 00100000  .p.j. 
0000075c: 10010001 11010000 00010000 10100000 00010000 00110001  .....1
00000762: 01010011 01000000 01010000 01000101 01010101 01000001  S@PEUA
00000768: 10100000 00110010 10100000 01010001 11100000 01010000  .2.Q.P
0000076e: 11100000 01000000 11100001 11110000 11000000 11110011  .@....
00000774: 11000000 11111000 11000001 11110000 01110001 11111000  ....q.
0000077a: 11110001 11000000 11110011 01110000 11111000 11110010  ...p..
00000780: 11111000 11110000 11000011 11110000 11111000 11000000  ......
00000786: 11100000 11000000 11100010 01010010 10100001 00010000  ...R..
0000078c: 00110000 11010000 10010000 00010000 10110010 11010000  0.....
00000792: 10100001 00010010 11010000 00010011 11010001 10010000  ......
00000798: 10000000 01100101 11111000 01110011 11111110 01110001  .e.s.q
0000079e: 10000000 01101010 00100000 10110000 10010000 11010000  .j ...
000007a4: 00010000 10100000 00110010 01010010 01000111 01010000  ..2RGP
000007aa: 01000000 01010101 11010000 10100000 10010000 00110000  @U...0
000007b0: 00010000 11010000 00010010 11010000 00010001 11100000  ......
000007b6: 01000000 11100000 01010000 01000000 11000010 11110000  @.P@..
000007bc: 11000000 11110011 11000000 11110000 11000000 11110000  ......
000007c2: 11000010 11110000 11111000 11000000 11110000 11100000  ......
000007c8: 11110001 11000000 11100001 11000001 11100000 11110000  ......
000007ce: 01110000 11100010 01000001 01010001 11010000 10110000  p.AQ..
000007d4: 11010001 10110011 00100000 10110001 10010000 10110001  .. ...
000007da: 10010000 11010001 00010010 11010000 00010001 11010000  ......
000007e0: 10010001 10000000 01100101 00110000 00001000 11111110  ..e0..
000007e6: 01110001 11111000 01101010 00100000 10110000 10010000  q.j ..
000007ec: 11010000 00010000 10100000 00110010 01010101 01000011  ...2UC
000007f2: 01010110 00010000 10010000 11010000 00100000 10010000  V... .
000007f8: 11010001 00100000 10010010 00010000 10010000 00010000  . ....
000007fe: 10010000 10110000 11010000 10110000 10100000 10110000  ......
00000804: 10010000 10100010 00110000 11100010 11000000 11100001  ..0...
0000080a: 01000001 11100110 11000000 11100101 01000000 11110000  A...@.
00000810: 00110000 01010000 10100000 01010000 11010000 10110000  0P.P..
00000816: 11010000 10000001 00100000 01100000 10000000 00100000  .. `. 
0000081c: 01100000 10000000 01100000 00100000 10110001 00100000  `.` . 
00000822: 10010001 01100000 10010001 00010000 10100000 11010000  .`....
00000828: 00010011 11010000 10010000 10000000 01100101 00010000  ....e.
0000082e: 00001000 11111110 01110010 01101010 10000000 10110000  ..rj..
00000834: 10010001 00010001 10100000 00110000 01011000 01000000  ...0X@
0000083a: 01010010 01000000 01010001 10100000 00010001 10010000  R@Q...
00000840: 11010000 10010000 00100000 10010000 10110001 10010000  .. ...
00000846: 10110010 11010000 10000001 10110000 00100011 10110000  ....#.
0000084c: 10010010 00010000 00110001 01010010 01000001 11100010  ..1RA.
00000852: 01000000 11100001 01000000 11100000 01000001 11100011  @.@.A.
00000858: 00110000 10100000 10110000 10100000 10110000 11010000  0.....
0000085e: 10010001 10000001 10110000 10000001 01100000 10000000  ....`.
00000864: 01100001 10000000 10110001 10010100 11010000 10010001  a.....
0000086a: 00011000 10000000 01100101 10110000 01110000 00000110  ..e.p.
00000870: 11111110 01110010 01101011 10110001 10010000 11010000  .rk...
00000876: 00010000 10100000 00110001 01010111 01000001 01010010  ..1WAR
0000087c: 00110000 10100000 00010000 10110000 10010001 11010001  0.....
00000882: 10010000 11010000 10100000 11010000 00010000 11010000  ......
00000888: 10010001 10110000 00100000 10110000 00100001 10010011  .. .!.
0000088e: 11010000 10100000 11010001 10100001 00010000 00110000  .....0
00000894: 01010000 01000000 01010000 01000010 01010000 11100010  P@PBP.
0000089a: 01000010 11100000 01000000 01010010 10100000 11010000  B.@R..
000008a0: 00010000 10010000 11010000 10110001 10000000 01100000  .....`
000008a6: 10000000 01100001 00100001 10110001 10010000 11010100  .a!...
000008ac: 10010000 11010100 00010111 10110000 01100110 00001000  ....f.
000008b2: 11111110 01110001 00000000 01010000 01101010 00100000  .q.Pj 
000008b8: 10110000 10010000 11010000 10100000 00110001 01011000  ....1X
000008be: 01000001 01010010 00110000 10100100 00010000 01000000  AR0..@
000008c4: 00110000 01010000 01000000 11100000 00010000 01000000  0P@..@
000008ca: 00110010 00010001 11010000 10110000 10010000 11010000  2.....
000008d0: 10010000 11010000 10110000 11010000 10100000 11010000  ......
000008d6: 10100000 11010000 00010000 00110000 10100000 00110000  ...0.0
000008dc: 01010000 01000010 01010000 01000010 11100000 01000000  PBPB.@
000008e2: 01010000 01000000 01010000 00110010 00010010 11010000  P@P2..
000008e8: 00010000 10010000 10110010 11010000 10010000 00010010  ......
000008ee: 10100011 00010000 11010000 00010010 11010001 00010000  ......
000008f4: 10010000 11010000 00010101 10100000 00010000 11010000  ......
000008fa: 01100110 00001000 11111110 01110011 01101010 10000000  f..sj.
00000900: 10110000 00100000 11010000 10100001 01011000 01000011  . ..XC
00000906: 01010001 00110000 10100000 01010000 11100000 01000001  Q0.P.A
0000090c: 00110000 01000010 11100010 01000000 11100010 01000001  0B.@.A
00000912: 01010000 00110001 10100001 00010000 11010000 00010001  P1....
00000918: 10100000 00010011 10100000 00110001 01010010 00110010  ...1R2
0000091e: 01010000 01000000 01010000 01000001 01010000 00110000  P@PAP0
00000924: 10100000 00010010 11010011 00010001 10100001 00110001  .....1
0000092a: 01010000 01000001 01010010 00110010 00010000 11010010  PAR2..
00000930: 00010001 10100000 00010000 10100000 00010101 11010000  ......
00000936: 01100101 10000000 01110000 00000011 11111110 01110011  e.p..s
0000093c: 00110000 01101010 10000000 10110000 11010000 10100000  0j....
00000942: 00110001 01010011 01000000 01010000 01000000 01010000  1S@P@P
00000948: 01000001 01010000 01000001 01010000 00110000 01010001  APAP0Q
0000094e: 01000000 01010001 01000000 01010000 01000011 11100001  @Q@PC.
00000954: 01000000 11100001 11000000 11100000 11000000 01000000  @....@
0000095a: 01010000 10100000 00110001 10100001 00010010 11010000  P.1...
00000960: 00010000 10100010 00110000 01010011 00110000 01010001  ..0S0Q
00000966: 01000000 00110001 01010000 00110001 10100000 00010000  @1P1..
0000096c: 11010100 00010000 10100010 01010000 00110000 01000011  ...P0C
00000972: 01010000 00110001 10100011 00010111 10100000 00010000  P1....
00000978: 11010000 00010011 01100101 00010000 00001000 11111110  ..e...
0000097e: 01110011 01000000 01101010 10000000 10110000 10010000  s@j...
00000984: 00010000 10100000 00110001 01010001 01000000 01010000  ..1Q@P
0000098a: 01000000 01010010 01000001 01010101 01000001 01010000  @RAUAP
00000990: 11100000 01000011 00110000 01110001 01010000 10010001  .C0qP.
00000996: 11010000 10010000 10110000 10010000 11010000 10100000  ......
0000099c: 11111000 11100000 10100011 00010001 10100010 00110000  .....0
000009a2: 01010001 01000001 01010001 01000010 00110000 10100000  QAQB0.
000009a8: 00110001 10100000 00010110 00110001 11010000 11110000  1..1..
000009ae: 01110001 10100000 00110000 00010000 11010000 00010000  q.0...
000009b4: 01010000 11110000 01110000 00110000 11010000 00010010  P.p0..
000009ba: 11010000 00010001 10100001 00010000 10100001 00010001  ......
000009c0: 10100000 00010001 01100101 00010000 01110000 11111110  ..e.p.
000009c6: 01110011 01101101 00100000 00010000 10100000 00110001  sm ..1
000009cc: 01010000 00110000 01010000 01000000 00110000 01010001  P0P@0Q
000009d2: 01000000 11100000 01010000 00110000 01010010 00110001  @.P0R1
000009d8: 01010000 01000011 10110000 10100000 01010000 11100000  PC..P.
000009de: 01000000 00110000 01000000 01010000 11100000 11111000  @0@P..
000009e4: 01110010 11110000 01000000 00110001 01010000 10100000  r.@1P.
000009ea: 00010010 10100000 00010000 10100000 00110010 01000100  ....2D
000009f0: 11100001 01000000 01010000 00110001 10100001 00010001  .@P1..
000009f6: 10100000 11010000 00010000 11100000 10010000 10100000  ......
000009fc: 00010000 00110000 01010001 11000001 01110000 11111000  .0Q.p.
00000a02: 01000000 01010000 00110001 10100000 00010000 10100000  @P1...
00000a08: 00010001 11010000 01010000 00010011 10100001 00010000  ..P...
00000a0e: 10100000 00010010 10010000 01100100 00100000 01110000  ...d p
00000a14: 00001000 11111110 01110000 01000000 00110000 00010000  ..p@0.
00000a1a: 10010000 10000001 01101011 10010000 00010000 00110000  ..k..0
00000a20: 01010010 01000011 01010000 11100000 01000000 01010000  RCP.@P
00000a26: 01000000 01010001 00110001 01010000 00110000 01010000  @Q1P0P
00000a2c: 11100000 10100000 01000000 01010001 11100001 01010011  ..@Q.S
00000a32: 01000000 01010000 11100001 01000000 00110000 11010000  @P.@0.
00000a38: 01010000 00010000 10100000 00110000 01010000 10100001  P..0P.
00000a3e: 00010000 00110000 10100000 00110001 01010000 01000000  .0.1P@
00000a44: 11000000 11100000 11000000 11100010 01010000 01000000  ....P@
00000a4a: 01010000 00110001 00010001 10100000 11010000 10110000  P1....
00000a50: 00010000 10100000 00010010 10100000 00110001 00010001  ....1.
00000a56: 10100000 00110001 01000000 11110000 01010000 00010000  .1@.P.
00000a5c: 11010000 00110000 11010000 00010000 10100000 00010001  .0....
00000a62: 10010000 00010001 11010000 00010101 01100101 01110000  ....ep
00000a68: 00001001 11111110 01110000 01010000 00010000 11010000  ..pP..
00000a6e: 10010000 11010000 10110000 01101010 10000000 10010000  ...j..
00000a74: 00110000 10010000 10000000 10100000 01010010 00110000  0...R0
00000a7a: 01000100 00110001 10100000 01010000 01000000 10100000  D1.P@.
00000a80: 11111000 01000000 01010001 11100000 11111000 00110001  .@Q..1
00000a86: 10100010 00010001 11010001 00010000 11100000 00010000  ......
00000a8c: 11010001 10010000 00010001 10100000 00010000 10100000  ......
00000a92: 00110000 10100001 00010000 10100000 00110000 01010000  0...0P
00000a98: 01000000 11100010 11110001 11100000 01000001 01010000  @...AP
00000a9e: 00010000 10100000 00010000 00110000 01010000 11010000  ...0P.
00000aa4: 00010000 10100001 00010001 11010001 00100000 01100111  .... g
00000aaa: 10000000 10010000 11010001 00010000 11010000 00010000  ......
00000ab0: 11010000 00110000 10100000 00010000 10010000 10100001  .0....
00000ab6: 00010000 11010010 10000000 01100100 10100000 01110000  ...d.p
00000abc: 00001001 11111110 01110000 00010000 00100000 10000000  ..p. .
00000ac2: 01100000 00010000 10010000 11010000 00100000 01101001  `... i
00000ac8: 00010001 10100001 00010000 10100001 01000000 00100000  ....@ 
00000ace: 00110000 01000001 01010000 01000000 01010010 10100000  0AP@R.
00000ad4: 10010000 01010010 00110000 01010000 00110000 00010000  .R0P0.
00000ada: 11010000 01101001 10010000 10110000 00100000 10010000  .i.. .
00000ae0: 11010011 00010000 00110000 10100001 00110001 10100000  ..0.1.
00000ae6: 01010000 01000010 11100000 11000001 11100000 01000000  PB...@
00000aec: 00110000 10100000 00010000 10100001 00110000 10100010  0...0.
00000af2: 00010000 10100000 00110000 00010000 01100101 10110000  ..0.e.
00000af8: 00100001 10010000 10110000 10000000 01100010 00100000  !...b 
00000afe: 10010000 11010001 10010000 10100010 10010000 10100000  ......
00000b04: 00010001 11010000 10110000 10000000 01100011 01010000  ....cP
00000b0a: 00001000 11111110 01110000 00110000 00100001 10000000  ..p0!.
00000b10: 00100000 10010000 00010000 11010000 10010001 00100000   .... 
00000b16: 01100100 10000000 10110000 11010000 00110010 10100000  d...2.
00000b1c: 00110010 00010000 10100001 01110000 10110000 00100000  2..p. 
00000b22: 10110000 01110000 00010000 01010001 01000000 10100000  .p.Q@.
00000b28: 10110000 11010000 10110100 10000000 00100000 01100110  .... f
00000b2e: 10100000 11010000 10110000 10000000 00100000 11010000  .... .
00000b34: 10100000 11010000 00010001 10100000 00110001 01010000  ....1P
00000b3a: 10100000 01010001 00110000 11000000 01110000 00110000  .Q0.p0
00000b40: 00010000 11111000 10100000 11010000 10000000 10010000  ......
00000b46: 00010000 01010000 10100001 00110000 10100000 00110001  .P.0.1
00000b4c: 00100000 01100000 10000000 00100000 01100100 10110000   `. d.
00000b52: 00100000 10010000 11010000 00010000 10100000 00010000   .....
00000b58: 10100000 11010000 10110001 10010000 11010000 00010010  ......
00000b5e: 10100001 00010000 11010000 00010000 10010000 00100000  ..... 
00000b64: 00010000 01100001 10110000 00001100 11111110 01110000  .a...p
00000b6a: 11110000 10110001 00100000 10110001 10010000 00010001  .. ...
00000b70: 10010000 10110000 00100001 01100010 10000000 11010001  ..!b..
00000b76: 00110000 10100000 00110000 10100001 00110010 01010001  0.0.2Q
00000b7c: 01000000 01010000 01000000 11100000 10100000 00010000  @P@...
00000b82: 11010000 10100000 01000000 01010000 01000110 01010000  ..@PFP
00000b88: 01000000 11100000 01010000 00110001 11010011 10010000  @.P1..
00000b8e: 11010010 10010001 00110000 10100000 00110000 01000000  ..0.0@
00000b94: 01010000 01000000 01010000 11100000 10110000 01000000  P@P..@
00000b9a: 10100000 00110001 01010001 00110000 10100001 00010001  .1Q0..
00000ba0: 11010001 10100000 00110000 01010000 00110001 10010000  ..0P1.
00000ba6: 11010000 00010000 10100011 01010000 11100000 01000000  ...P.@
00000bac: 01010010 00110011 10100000 00010001 11010001 10100000  R3....
00000bb2: 00010000 10100010 10010000 01100001 10110000 01010000  ...a.P
00000bb8: 00010001 01100001 01110000 00001001 11111110 01110001  .ap..q
00000bbe: 10010000 10110000 00100000 10110001 11010000 10100000  .. ...
00000bc4: 00010000 10100000 00010000 10100000 00010000 10000000  ......
00000bca: 01100001 10000000 10010000 00110001 10100000 00110101  a..1.5
00000bd0: 01000000 01010010 01000001 11100000 01000000 01010000  @RA.@P
00000bd6: 10100000 01000010 00110010 10100000 00110011 10100010  .B2.3.
00000bdc: 00010100 11010001 00010001 10100000 00010010 00110000  .....0
00000be2: 01000010 00110000 01000000 10010000 10100000 10010000  B0@...
00000be8: 11010000 00010000 10100001 00010010 10010000 10110000  ......
00000bee: 11110000 10100001 00110010 10100000 00010000 10100001  ..2...
00000bf4: 00010110 10100001 00010100 11010010 00010000 11010000  ......
00000bfa: 00010000 10100100 11010000 00010000 10010000 11010000  ......
00000c00: 00010000 10100000 01100000 00010000 01110000 00000111  ..`.p.
00000c06: 11111110 01110001 11110000 10010000 10110010 11010000  .q....
00000c0c: 00110000 10100000 00010001 10100010 10000000 01100000  0....`
00000c12: 10110000 10100000 00110000 01010001 00110000 01010000  ..0Q0P
00000c18: 00110011 01010001 01000011 11100000 01000000 10100001  3QC.@.
00000c1e: 11100000 01000000 01010000 00110010 10100010 00010001  .@P2..
00000c24: 11011000 00010000 11010011 10100000 00110000 01010000  ....0P
00000c2a: 10100000 01000000 10110000 00010000 11000000 10110000  .@....
00000c30: 11010000 00010000 00110000 01010000 00110010 10100000  ..0P2.
00000c36: 00010001 10110001 00010001 01100000 10010000 00010010  ...`..
00000c3c: 11010100 10010011 11010100 00010000 11010011 00010000  ......
00000c42: 10100010 00010001 10100000 00110000 10010000 11010001  ...0..
00000c48: 00010000 10100001 10010000 01110000 00000000 11111110  ...p..
00000c4e: 01110010 11000000 10010000 10110001 10100000 00110000  r....0
00000c54: 10100000 11010000 00010000 10100001 00110000 11010000  ....0.
00000c5a: 01100000 10000000 00110001 01010000 00110001 01010000  `.1P1P
00000c60: 00110010 10100000 00110000 01000000 11100000 01000100  2.0@.D
00000c66: 00110000 10100000 01000000 00110000 01010101 00110000  0.@0U0
00000c6c: 10100000 11010000 00010001 11010000 10010010 11010000  ......
00000c72: 00010001 10100000 00010001 00110001 01010000 00110000  ...1P0
00000c78: 10010000 01100000 10000000 00100000 10000000 11000000  .`. ..
00000c7e: 11010001 10100000 01010001 01000000 01010001 00110000  ..Q@Q0
00000c84: 10100001 11010000 00100000 10100000 10010000 11010000  .. ...
00000c8a: 00010000 10100000 00010010 11010001 00010000 11010010  ......
00000c90: 10010000 11010011 00010000 10100000 00110000 10100001  ....0.
00000c96: 00010001 11010000 00010000 10100000 00110000 10100000  ....0.
00000c9c: 00010000 00110001 00010000 11010001 00010000 10100000  .1....
00000ca2: 00110000 01110000 00001110 11111110 01110011 00110000  0p..s0
00000ca8: 10010001 00110000 10100000 11010000 10010000 10110000  .0....
00000cae: 11010000 00010000 10100001 00010001 00110000 01010100  ....0T
00000cb4: 00110010 10100000 00110000 01010000 01000000 01010000  2.0P@P
00000cba: 01000001 01010000 00110000 01000001 00110000 01010000  AP0A0P
00000cc0: 00110000 10100000 01000000 01010000 00110000 01000000  0.@P0@
00000cc6: 01010001 01000000 01010001 01000000 01010000 00110001  Q@Q@P1
00000ccc: 00010000 00110100 01010010 10100000 01010000 10010000  .4R.P.
00000cd2: 11100000 10110000 00010000 10100000 11010000 00110000  .....0
00000cd8: 01010010 01000000 00110000 01010010 10100000 11010000  R@0R..
00000cde: 10110001 00100001 01110000 01000000 10100000 00110001  .!p@.1
00000ce4: 01010001 01000000 11100000 01010000 00110000 01010010  Q@.P0R
00000cea: 00110001 01010000 00110001 10100001 11010000 00010000  1P1...
00000cf0: 11010001 00010000 10100000 00010001 00110000 10100000  ....0.
00000cf6: 11010001 00010000 10100000 00010000 00110000 01110000  ....0p
00000cfc: 00001010 11111110 01110100 11010000 00010010 11010000  ..t...
00000d02: 10010000 10110000 00100000 10110000 00110000 10100000  .. .0.
00000d08: 00110000 01010100 00110000 01010000 00110100 01010000  0T0P4P
00000d0e: 00110000 01010001 01000000 01010000 00110001 00100000  0Q@P1 
00000d14: 01010000 00110000 01010001 01000010 01010000 01000000  P0QBP@
00000d1a: 01010000 01000000 01010001 01000000 01010001 01000001  P@Q@QA
00000d20: 01010001 01000000 01010000 01000001 11100000 01010000  Q@PA.P
00000d26: 01110000 11111000 10000000 01100000 00010000 01110000  p..`.p
00000d2c: 10010000 10100000 01000010 11100000 01010000 01000001  ..B.PA
00000d32: 01010001 00110000 00010001 10010001 01100001 11110000  Q0..a.
00000d38: 10010000 00110001 10100000 00110000 01010000 01000000  .1.0P@
00000d3e: 01010101 00110000 01010000 00110011 00010000 10100000  U0P3..
00000d44: 11010001 00010010 10100000 11110000 11010000 10010000  ......
00000d4a: 11010001 00010000 10100000 00110000 01110000 00001101  ...0p.
00000d50: 11111110 01110100 00110000 10100000 00010000 10010010  .t0...
00000d56: 10110001 11010000 00110000 01010000 00110000 01010101  ..0P0U
00000d5c: 00110000 01010001 00110010 01010111 00110000 00010000  0Q2W0.
00000d62: 01010000 01000000 00110001 01000011 01010011 01000000  P@1CS@
00000d68: 00110000 01000000 01010000 00110000 01010001 01000001  0@P0QA
00000d6e: 11100000 01000000 01010000 00010000 01110000 11100000  .@P.p.
00000d74: 01000000 00010000 11110000 11010000 10100000 01000011  @....C
00000d7a: 11100001 01000000 11100000 01000000 00110010 10100000  .@.@2.
00000d80: 10010001 00110000 00010000 01010000 00010000 01000010  .0.P.B
00000d86: 01010001 00110011 01010101 00110010 10100001 00010011  Q3U2..
00000d8c: 00110000 01110000 00100000 11010011 00010001 01010000  0p ..P
00000d92: 01110000 00001101 11111110 01110101 00110001 00010000  p..u1.
00000d98: 10010001 10110001 01000000 01010011 01000000 01010000  ..@S@P
00000d9e: 00110001 10100000 00110001 01010000 00110000 01010010  1.1P0R
00000da4: 01000001 01010011 00110001 01010000 00110000 01010000  AS1P0P
00000daa: 01000000 01010010 01000000 01010000 00110000 01000000  @R@P0@
00000db0: 01010000 01000000 01010010 11100000 01000001 01010011  P@R.AS
00000db6: 01000000 01010000 00110000 00010000 01010000 01000000  @P0.P@
00000dbc: 00110000 10110000 10100000 01000000 11100000 01000011  0..@.C
00000dc2: 11100001 01010001 00110000 10100011 10010001 10100000  .Q0...
00000dc8: 01000010 01010001 01000000 01010000 01000000 00110000  BQ@P@0
00000dce: 01010000 01000001 01010100 10100000 00110010 10100001  PAT.2.
00000dd4: 11010000 00010000 00110000 01110000 11010000 00010001  ..0p..
00000dda: 11010000 00010010 10100000 01000000 00001101 11111110  ...@..
00000de0: 01110100 11111000 10100001 00010000 10010011 01000001  t....A
00000de6: 01010000 01000000 01010000 01000000 01010010 00110011  P@P@R3
00000dec: 01010100 01000000 11100000 01000000 00110000 01010011  T@.@0S
00000df2: 11000000 00010000 11000000 11100000 01010101 01000000  ....U@
00000df8: 01010000 01000011 11100000 01010011 11100000 01000000  PC.S.@
00000dfe: 01010010 11100000 11010000 00010000 00110000 11100010  R...0.
00000e04: 01000010 11100010 01000001 01010000 00110000 10100010  B.AP0.
00000e0a: 00010000 10010000 10110000 00010000 10100000 00110000  .....0
00000e10: 01010001 00110000 01010001 11100000 01000000 11100000  Q0Q.@.
00000e16: 01000000 01010000 01000001 01010001 00110000 10100001  @PAQ0.
00000e1c: 11010000 10100000 00010000 10100000 00110000 11000000  ....0.
00000e22: 00100000 00010100 11010000 10100001 01000000 00000111   ...@.
00000e28: 11111110 01110101 11100000 10100000 00010000 10010010  .u....
00000e2e: 00010000 01010000 01000000 01010010 01000010 01010000  .P@RBP
00000e34: 00110001 01010100 01000000 01010000 01000010 01010010  1T@PBR
00000e3a: 00110000 01010000 01000000 01010000 10110000 01000000  0P@P.@
00000e40: 11110000 11000000 01000001 01010000 01000000 01010000  ..AP@P
00000e46: 01000000 11100100 01000001 01010000 01000000 01010001  @.AP@Q
00000e4c: 01000000 01110000 00010000 11010000 00110000 01000000  @p..0@
00000e52: 11100011 01000000 11100000 01000001 11100010 01010000  .@.A.P
00000e58: 00110010 10100000 00110001 10100000 00010000 10110000  2.1...
00000e5e: 11010000 01010001 00110000 10100000 01010001 00110000  .Q0.Q0
00000e64: 01000001 01010000 01000001 01010010 00110001 10100001  APAR1.
00000e6a: 01000000 00110000 11111000 10010000 11010000 00010001  @0....
00000e70: 10100000 00010100 10100000 11111000 01110000 00001101  ....p.
00000e76: 11111110 01110110 01010000 00110000 00010000 10010000  .vP0..
00000e7c: 10110000 01000000 01010001 01000000 01010001 01000000  .@Q@Q@
00000e82: 01010010 00110001 01010000 01000000 01010101 01000100  R1P@UD
00000e88: 01010000 01000000 01010000 00110000 01000000 01010000  P@P0@P
00000e8e: 10100000 00010000 01000000 01110000 11000000 11111000  ..@p..
00000e94: 11100000 01000000 11110000 11100000 11110000 11100011  .@....
00000e9a: 11000000 11100000 01110000 01010000 10010001 10100000  ..pP..
00000ea0: 01010000 01000000 11100100 01000001 11100100 01010001  P@.A.Q
00000ea6: 00110000 01010000 00110001 10100001 00010000 10100000  0P1...
00000eac: 10010000 10110000 00010000 00100000 11100000 01000000  ... .@
00000eb2: 11100000 11000000 01000000 01010001 11100001 01000000  ..@Q.@
00000eb8: 01010000 01000000 11000001 01000000 01110000 11100000  P@.@p.
00000ebe: 01100000 10010001 11010000 00010000 10100001 00010001  `.....
00000ec4: 10100000 00010010 01110001 00001110 11111110 01110110  ..q..v
00000eca: 11111000 10100000 01010000 10100000 00010001 00110000  ..P..0
00000ed0: 01000000 01010010 01000000 01010010 00110001 01010100  @R@R1T
00000ed6: 01000000 01010000 01000001 01010000 01000110 00110000  @PAPF0
00000edc: 10100000 00010010 11010000 10110000 10100000 01000000  .....@
00000ee2: 11100001 11111000 11110000 11111011 11010000 10010001  ......
00000ee8: 11010000 10100001 00110001 01010000 01000001 11100011  ..1PA.
00000eee: 01000000 11100000 11000001 11100001 01000000 01010001  @...@Q
00000ef4: 00110010 10100001 00010001 10100001 00010000 10010100  2.....
00000efa: 00010000 01000000 11110001 11111000 01110000 11111001  .@..p.
00000f00: 11000000 10010000 10110010 10010000 11010000 00010000  ......
00000f06: 10100000 00010011 10100000 00010011 01110001 00000100  ....q.
00000f0c: 11111110 01110111 11111000 10100001 00110000 00010000  .w..0.
00000f12: 11010000 01000100 01010010 00110010 01010100 01000011  .DR2TC
00000f18: 11100001 01000000 11100010 11000000 11100010 01000001  .@...A
00000f1e: 00110010 00010000 11010010 10010000 11010001 10100000  2.....
00000f24: 01010001 00110001 10100010 00010000 10100000 00110000  Q1...0
00000f2a: 10100000 00110000 01010000 01000000 11100001 01000000  .0P@.@
00000f30: 11000001 11100000 11000001 01010010 00110001 10100001  ...R1.
00000f36: 00010000 11010000 00010000 10010000 10100001 01010010  .....R
00000f3c: 00110000 10100000 01010000 00010010 11010000 00010000  0.P...
00000f42: 10101000 00010000 10100010 00010010 10100000 00010000  ......
00000f48: 10100001 01110000 00001010 11111110 01111000 01010000  .p..xP
00000f4e: 10100000 01000000 00110000 00010000 00110000 01010000  .@0.0P
00000f54: 01000010 01010010 00110000 01010000 00110001 01010011  BR0P1S
00000f5a: 01000101 11100000 01000000 11100000 11000000 11110001  E.@...
00000f60: 11000001 11100001 11000000 11100001 11000000 11110000  ......
00000f66: 11000001 11100000 01000001 11100000 01000000 01010000  ..A.@P
00000f6c: 00110000 10100000 00010001 10100001 01010010 00110000  0...R0
00000f72: 01010000 01000000 11100010 11000010 11100000 11000000  P@....
00000f78: 11100000 01000000 11100000 00110001 10100001 00010011  .@.1..
00000f7e: 11010010 00110001 01010000 11100011 01010000 11100000  .1P.P.
00000f84: 01000001 11100000 01010001 00110011 10100010 00010000  A.Q3..
00000f8a: 10100010 00010100 00000001 11111110 01111010 01000001  ....zA
00000f90: 01010000 00010000 01010000 01000000 01010000 01000001  P.P@PA
00000f96: 01010011 00110000 01010000 00110000 01010100 01000000  S0P0T@
00000f9c: 01010000 01000001 11100010 11000001 11100101 11000001  PA....
00000fa2: 11100100 01000000 01010001 00010011 10100000 01010001  .@Q..Q
00000fa8: 01000010 11100000 01000000 01010000 01000000 11100001  B.@P@.
00000fae: 11000010 11110000 01110000 11111001 01000000 11100000  ..p.@.
00000fb4: 00110001 10100001 00010000 00110000 10100000 00010000  1..0..
00000fba: 10100000 11010010 00010000 10100000 00110000 01010000  ....0P
00000fc0: 01000000 01010000 01000001 11100000 01000001 01010010  @PA.AR
00000fc6: 00110011 10100101 00010010 11010000 10100000 01110000  3....p
00000fcc: 00001101 11111110 01111010 01010011 00110000 01000011  ..zS0C
00000fd2: 01010010 00110001 01010001 00110000 01010000 01000000  R1Q0P@
00000fd8: 01010001 01000000 01010000 01000000 11100010 11000000  Q@P@..
00000fde: 11100000 11000000 11100000 01000000 11100001 01000000  ...@.@
00000fe4: 11100000 01000000 11100000 11000000 11100000 01000001  .@...A
00000fea: 01010000 00110001 00010000 11010000 00010000 00110000  P1...0
00000ff0: 10100000 00110000 01010000 01000010 11100000 01000000  .0PB.@
00000ff6: 11100000 01000000 11100001 11000010 11100001 11000000  .@....
00000ffc: 11100001 01000000 01010001 00110000 10100000 00010000  .@Q0..
00001002: 10100011 00010000 11010100 00010000 10100000 01010000  .....P
00001008: 00110000 01000000 10100000 01010100 00110010 10100001  0@.T2.
0000100e: 00110000 10100010 00010110 01110000 00000011 11111110  0..p..
00001014: 01111011 01010001 00110001 01000000 01010000 01000000  {Q1@P@
0000101a: 01010000 01000000 01010001 00110000 01010000 00110010  P@Q0P2
00001020: 01010100 01000001 01010000 11100010 11000000 11100000  TAP...
00001026: 01000000 11100000 01000100 01010000 01000001 00110000  @.DPA0
0000102c: 10100001 00010000 11010001 00010000 10100010 00110000  .....0
00001032: 01010000 01000000 11100101 01000010 01010000 01000000  P@.BP@
00001038: 01010000 01000000 01010100 00110000 10100000 00010001  P@T0..
0000103e: 10100011 00010000 11010000 10010000 11010001 10010000  ......
00001044: 11010001 00010000 10100000 00110000 01000000 01010000  ...0@P
0000104a: 00110000 10100000 00110011 10100000 00110000 10100010  0.3.0.
00001050: 00010001 10100001 00010100 01110000 00001100 11111110  ...p..
00001056: 01111011 01010000 01000001 01010000 01000010 01010011  {PAPBS
0000105c: 00110010 01010010 00110000 01010100 01000010 11100001  2R0TB.
00001062: 01000100 01010011 00110010 00010000 11010000 00010000  DS2...
00001068: 11010000 00010000 10100000 00110000 00010000 10010000  ...0..
0000106e: 10100000 01010000 01000000 11100101 00111011 00010001  .P@.;.
00001074: 11010000 00010000 10100000 00010000 10100001 00010000  ......
0000107a: 11010000 10010000 11010000 00010000 11010000 10010000  ......
00001080: 11010000 00010010 10100101 00110000 10100111 00010011  ...0..
00001086: 10100000 00010000 10100000 01110000 00001101 11111110  ...p..
0000108c: 01111011 01010000 01000000 01010000 00110000 01010011  {P@P0S
00001092: 11100000 01010010 00110000 01010000 00110000 01010000  .R0P0P
00001098: 00110000 01010000 00110000 01010011 01000011 11100000  0P0SC.
0000109e: 01000001 01010000 01000010 01010001 00110010 00010000  APBQ2.
000010a4: 11010010 00010000 10100000 01010001 00110000 11010001  ...Q0.
000010aa: 10100001 00110010 01010001 10100001 11010000 00010010  .2Q...
000010b0: 10100100 00010000 11010010 10010001 11010000 00010011  ......
000010b6: 10010000 00010000 10100001 00010000 10010010 11010001  ......
000010bc: 10100000 00010000 00110000 00010000 10100000 00110000  ..0..0
000010c2: 00010000 10100000 00010000 10100011 00010000 10100000  ......
000010c8: 00010101 10100000 01110000 00001001 11111110 01111011  ..p..{
000010ce: 01010000 00110010 01010000 01000000 01010000 01000000  P2P@P@
000010d4: 01010001 00110011 01010000 00110000 01010001 00110001  Q3P0Q1
000010da: 01010100 01000001 01010001 00110000 01010001 00110100  TAQ0Q4
000010e0: 00010010 11010001 00010000 10100000 00110011 10100000  ....3.
000010e6: 11010000 00100000 10010110 10110000 10010000 10110000  . ....
000010ec: 10010010 11010000 10010000 11010000 10010010 10110001  ......
000010f2: 00100000 01100001 10000000 00100000 10110000 00100000   a. . 
000010f8: 10010000 00010010 10100000 00010000 11010000 10110000  ......
000010fe: 10010000 11010000 00010010 10100000 00010001 11010010  ......
00001104: 00010001 10100000 00010010 11010000 00010101 00001110  ......
0000110a: 11111110 01111100 11000000 10110000 00110000 01010100  .|..0T
00001110: 00110011 01010000 00110000 01010000 00110011 10100000  3P0P3.
00001116: 00110010 01010101 00110001 01010000 00110000 10100001  2U1P0.
0000111c: 00010001 11010010 00010000 10100000 00110000 01010010  ....0R
00001122: 00110000 01010000 11010001 10010000 10110000 00100000  0P... 
00001128: 10000000 01100110 10110100 00100000 10110000 10000000  .f. ..
0000112e: 01100001 10000001 01100001 10000000 00100000 10010000  a.a. .
00001134: 10100000 00010011 11010010 10010001 11010010 00010000  ......
0000113a: 10100000 11010100 00010000 11010000 00010000 11010010  ......
00001140: 00010001 11010000 00010000 11010000 00010000 00000010  ......
00001146: 11111110 01111111 01000000 01010100 00110000 01010001  ..@T0Q
0000114c: 00110001 10100000 00111001 01010000 00110100 10100001  1.9P4.
00001152: 00010010 11010010 00010000 10100000 01010001 00110000  ....Q0
00001158: 01000000 01010000 00110000 01010000 00110000 00010001  @P0P0.
0000115e: 10010001 10110001 00100010 10000000 01101000 10000001  ..".h.
00001164: 00100010 10110010 11010010 00010101 11010000 10010001  ".....
0000116a: 11010000 10010001 11011000 10010000 11010000 10010000  ......
00001170: 11010001 00010011 10100000 00001111 00000000 11111110  ......
00001176: 01111110 00000000 01010100 00110001 01010000 00110000  ~.T1P0
0000117c: 01010000 00110000 01010001 00110011 00010000 10100000  P0Q3..
00001182: 00110000 01010000 10100000 00110000 10100100 00010011  0P.0..
00001188: 11010001 10010000 00010001 00110000 01000001 00110000  ...0A0
0000118e: 01000000 01010001 00110000 10100000 00010000 00110000  @Q0..0
00001194: 00010010 10010000 11010000 10010000 10110010 10000101  ......
0000119a: 00100001 10110001 10010110 11010010 00010000 11010000  !.....
000011a0: 00010000 11010001 00010010 11010011 10010000 11010011  ......
000011a6: 10010000 11010000 10010001 11010000 10010000 11010000  ......
000011ac: 00010000 11010001 00010010 00001111 00000000 11111110  ......
000011b2: 01111110 00000000 01010100 00110001 01010100 00110110  ~.T1T6
000011b8: 10100101 00010001 11010000 00010000 11010010 00010000  ......
000011be: 11010000 00010000 10100001 00110001 01010000 10100000  ...1P.
000011c4: 01010010 00110000 10100001 00110001 00010000 10100000  R0.1..
000011ca: 00010100 11010001 10110000 10010100 11010001 10010000  ......
000011d0: 11010100 10010000 11010000 10010000 11010101 00010001  ......
000011d6: 11010000 00010000 10100000 00010000 11010010 10010010  ......
000011dc: 11010000 10010001 11010000 10010000 11010010 00010000  ......
000011e2: 11010000 00010010 10100000 00001111 00000000 11111110  ......
000011e8: 01111110 00000000 11111000 01000000 01010010 00110010  ~..@R2
000011ee: 01010001 00110000 10100000 01010001 00110001 01010000  Q0.Q1P
000011f4: 10100010 00010101 11010010 00010000 11010000 00010010  ......
000011fa: 11010000 00010011 01010001 10100000 00110100 10100010  ..Q.4.
00001200: 00110000 10100000 00010000 10100001 01010001 10100000  0...Q.
00001206: 00110000 10100000 11010000 10100010 00110000 10100000  0...0.
0000120c: 00010000 10110000 10010000 00010001 11010001 10010001  ......
00001212: 11010000 10010010 11010000 10010000 11010000 00010010  ......
00001218: 10100001 00010001 11010000 10010000 11010000 10010000  ......
0000121e: 11010000 10010001 11010100 00010000 11010000 00010000  ......
00001224: 10100001 01110001 00001000 11111110 01111111 01110000  .q...p
0000122a: 01000000 00110001 01010000 00110001 10100000 00110000  @1P1.0
00001230: 01010100 00110000 01010001 00110001 10100100 00010011  T0Q1..
00001236: 10100010 00010101 10100011 00110011 01010001 00110000  ...3Q0
0000123c: 01010000 00110001 01010010 01000000 01010101 10100001  P1R@U.
00001242: 00110000 10100010 00010001 10100000 00010001 11010001  0.....
00001248: 10010010 11010000 10010011 11010000 10010000 00010000  ......
0000124e: 10100011 11010011 00010000 11010000 00010010 11010000  ......
00001254: 00010001 11010001 00010010 01110001 00001111 11111110  ...q..
0000125a: 01111111 01110000 01010001 00110010 10100000 00110010  .pQ2.2
00001260: 01010000 00110000 01010000 00110000 01010010 00110000  P0P0R0
00001266: 10100000 00110001 00010000 10100010 00010001 00110000  .1...0
0000126c: 01010000 00110000 00010000 10100001 00010001 11010000  P0....
00001272: 10010000 00010000 11010000 10100000 00010000 00110001  .....1
00001278: 01010000 01000000 01010001 01000010 01010000 01000100  P@QBPD
0000127e: 01010000 00110000 01010000 01000000 00110001 01010000  P0P@1P
00001284: 00110000 10100000 00110001 10100000 00010000 10100001  0.1...
0000128a: 00110000 10100000 11010010 10010101 11010001 00010000  0.....
00001290: 10100001 00010010 11010000 10100000 00010010 11010000  ......
00001296: 00010101 11010000 00010001 01010000 01110000 00000000  ...Pp.
0000129c: 11111110 01111111 00000000 11100000 00110001 01010000  ....1P
000012a2: 00110001 10100000 00110001 01010000 00110000 01010000  1.1P0P
000012a8: 00110000 01010001 00110000 01010011 00110010 10100000  0Q0S2.
000012ae: 00110001 10100011 00110000 00010001 11010001 10010001  1.0...
000012b4: 11010001 10100001 01010001 01000100 00110010 10100010  ..QD2.
000012ba: 00110000 00010000 00110001 10100001 01010000 10100000  0.1.P.
000012c0: 00110000 10100001 00010001 11010001 10100000 00010100  0.....
000012c6: 11010001 10010001 00100000 10010001 11010000 00010000  .. ...
000012cc: 11010000 00010000 10100000 00010001 11010000 00010000  ......
000012d2: 10100001 00010000 10100001 00010101 11010000 00010000  ......
000012d8: 01110001 00001111 00000000 11111110 01111111 01110001  q....q
000012de: 00110100 10100000 00110011 01010001 00110000 01010000  4.3Q0P
000012e4: 00110000 01010010 00110000 01010010 00110000 01010000  0R0R0P
000012ea: 00110100 10100000 11010010 00100000 10110010 11010000  4.. ..
000012f0: 10010000 11010100 10010101 11010001 00010001 11010000  ......
000012f6: 00010000 11010000 00010010 10010000 11010010 10010001  ......
000012fc: 10110001 10010110 10110001 00100000 10000000 10110000  ... ..
00001302: 10010001 00010001 10100000 00010100 10100001 00010001  ......
00001308: 10100001 00010001 11010001 00010000 11010000 00010000  ......
0000130e: 01110001 00001111 00000000 11111110 01111111 01110001  q....q
00001314: 00110000 01010000 10100000 00110001 10100000 00110001  0P.1.1
0000131a: 10100000 01010100 01000011 01010011 00110001 01010000  .TCS1P
00001320: 00110100 00010001 10010000 00100000 10000000 01100100  4.. .d
00001326: 10000010 00100000 10000001 01100000 10000011 10110000  . .`..
0000132c: 00100000 10110000 00100010 10110011 00100010 10000000   .".".
00001332: 01100010 10000001 00100011 10000000 01100010 10000001  b.#.b.
00001338: 10010000 11010001 00010100 10100010 00010001 10100000  ......
0000133e: 00010010 10100000 00010000 11010000 00010001 01110010  .....r
00001344: 00001111 00000000 11111110 01111111 01110001 01010000  ....qP
0000134a: 00110001 10100000 00110001 10100000 00110001 01010000  1.1.1P
00001350: 00110010 01010001 11100000 01010000 01000000 01010001  2Q.P@Q
00001356: 01000000 01010010 00110000 01010000 00110000 01010000  @R0P0P
0000135c: 00110000 10100001 00010000 11010001 00010001 10010000  0.....
00001362: 10000000 01100000 00100001 10110001 10010010 00100000  .`!.. 
00001368: 10100000 00010000 10100000 11010000 10110000 01010000  .....P
0000136e: 00110001 10100000 00010000 00100000 11010000 00010001  1.. ..
00001374: 00110000 10100000 10110000 00010000 11010000 10110000  0.....
0000137a: 10000001 00100000 01100011 10000000 11010001 10010011  . c...
00001380: 11010000 00010010 10100001 00010000 10100000 00010000  ......
00001386: 10100000 00010001 10100000 00010100 11010001 00010000  ......
0000138c: 00001111 00000011 11111110 01111111 01110010 01010000  ....rP
00001392: 00110000 00010000 10100000 00110001 10100000 01010000  0..1.P
00001398: 00110000 01010000 00110001 01010001 01000000 01010001  0P1Q@Q
0000139e: 01000010 00110000 01010111 00110001 00010001 10100000  B0W1..
000013a4: 00110000 01010000 10100000 00010000 10110000 00100001  0P...!
000013aa: 01100000 00010010 00110000 01010000 01000000 11100001  `.0P@.
000013b0: 00110000 11000001 11100001 01000000 10100000 01000010  0..@.B
000013b6: 11100001 10100000 01010000 10100000 00010000 10110001  ..P...
000013bc: 01100001 10000000 10110001 11010000 00010001 11010001  a.....
000013c2: 00010000 10100000 00011000 10100000 00010000 10100010  ......
000013c8: 00010000 10100000 00010011 01110000 00001111 00000011  ...p..
000013ce: 11111110 01111111 01110001 00000000 00110001 10100000  ..q.1.
000013d4: 00110001 10100011 00110011 01010010 01000100 01010000  1.3RDP
000013da: 01000000 01010101 00110010 10100010 00110001 01010000  @U2.1P
000013e0: 00010000 10010000 10100001 10010000 10110000 10010000  ......
000013e6: 00100000 01010001 01000000 11100001 11000001 01000010   Q@..B
000013ec: 01010000 11100000 01000001 11100001 10100000 00010001  P.A...
000013f2: 10110101 10010001 00010000 11010000 10100100 00110000  .....0
000013f8: 10100111 00010111 11010001 00110000 01110000 00001111  ...0p.
000013fe: 00000011 11111110 01111111 01110010 01000000 00110001  ...r@1
00001404: 10100000 00110001 10100010 00110000 10100000 00110010  .1.0.2
0000140a: 01010000 01000000 01010010 01000101 01010001 01000000  P@REQ@
00001410: 01010000 00110000 01010000 00110000 01010010 00110010  P0P0R2
00001416: 00010000 01010010 11010000 00110001 10100000 00010001  .R.1..
0000141c: 10100000 00010000 10110000 10010000 11010001 00010001  ......
00001422: 10100001 00010000 10100001 10010010 10110000 11010000  ......
00001428: 10010000 11010000 10010000 11010000 10010000 00010000  ......
0000142e: 11010000 00010001 10100001 00110000 10100010 00110000  ...0.0
00001434: 10100000 00110000 10100001 00010011 10100000 00010010  .0....
0000143a: 11010000 00010000 11010001 00110000 01110001 00001111  ...0q.
00001440: 00000011 11111110 01111111 01110011 00110000 10100001  ...s0.
00001446: 00110000 10100011 00010000 10100000 00110010 01010000  0...2P
0000144c: 00110000 01010010 01000000 01010000 00110000 01000000  0R@P0@
00001452: 01010010 01000000 01010011 00110000 01010000 01000001  R@S0PA
00001458: 01010100 10100001 00110010 01010000 01000000 01010000  T.2P@P
0000145e: 11100000 01010000 01000000 01010001 01000000 10100000  .P@Q@.
00001464: 00010000 00110000 10100000 00110010 10100001 00010000  .0.2..
0000146a: 10110000 10010000 11010001 10010000 11010000 00010001  ......
00001470: 11010000 10100001 00110001 10100001 00110001 10100010  ..1.1.
00001476: 00010111 11010101 01110001 00001111 00000100 11111110  ..q...
0000147c: 01111111 01110011 11111000 00110000 10100010 00010000  .s.0..
00001482: 10100000 00010010 10100001 00110001 01010011 01000000  ...1S@
00001488: 01010101 00110000 01010000 01000000 00110001 01010001  U0P@1Q
0000148e: 01000010 01010011 00110001 00010000 10100001 00110001  BS1..1
00001494: 01010000 01000000 00110000 01010000 00110000 01010000  P@0P0P
0000149a: 11100001 11000000 11110000 01010000 01000000 00110001  ...P@1
000014a0: 10100001 00010010 11010000 00010011 11010000 10100000  ......
000014a6: 00110001 01010000 00110000 10100010 00110000 00010000  1P0.0.
000014ac: 10100001 00010001 11010000 00010010 11010110 01110000  .....p
000014b2: 00001111 00000110 11111110 01111111 01110100 00110000  ....t0
000014b8: 00010001 10100000 00010101 10100010 00110001 01010001  ....1Q
000014be: 01000000 01010001 01000000 01010111 01000100 11100000  @Q@WD.
000014c4: 01010011 00110000 10100000 00110000 10100001 00110010  S0.0.2
000014ca: 10100000 00110000 11010000 00010011 00110000 10100000  .0..0.
000014d0: 11010011 00010100 11010010 00010001 10100001 00110001  .....1
000014d6: 10100010 00110000 00010000 10100001 00010001 11010001  .0....
000014dc: 00010001 11010010 10010010 11010000 01110001 00001101  ....q.
000014e2: 11111110 01111111 01110100 11100000 10100000 00010010  ..t...
000014e8: 10100000 00010010 11010000 00010000 10100001 00110010  .....2
000014ee: 01010000 00110010 01010011 01000000 01010000 00110000  P2S@P0
000014f4: 01010001 01000010 01010000 11100001 01000000 01010000  QBP.@P
000014fa: 01000001 01010001 00110000 10100000 00110000 10100011  AQ0.0.
00001500: 00010000 11010000 10010000 11010010 10010000 11010001  ......
00001506: 10010000 11010101 00010010 10100110 00110000 10100000  ....0.
0000150c: 01010000 10100011 11010111 10010011 01110001 00001111  P...q.
00001512: 00000111 11111110 01111111 01110100 11010000 10100001  ...t..
00001518: 00010010 11010100 00010000 10100011 01010000 00110011  ....P3
0000151e: 01010000 00110000 01010000 10100000 01010000 00110010  P0P.P2
00001524: 01010000 11100000 01000000 11100000 01000011 01010000  P.@.CP
0000152a: 01000010 01010000 00110000 01010000 10100001 00010100  BP0P..
00001530: 11010011 10010011 11010011 00010000 11010000 00010000  ......
00001536: 10100001 00110001 10100000 00110000 10100000 00110000  .1.0.0
0000153c: 10100000 00110000 10100000 00110000 10100000 00010000  .0.0..
00001542: 11010011 00010000 11010010 10010001 10110000 00110000  .....0
00001548: 01110000 00001111 00001001 11111110 01111111 01110011  p....s
0000154e: 11000000 10010000 10100010 00010001 11010000 10010000  ......
00001554: 11010010 10010000 00010000 10100001 00110000 10100001  ....0.
0000155a: 00110001 10100000 00110010 01010000 01000001 01010000  1.2PAP
00001560: 00110000 01000000 01010000 01000011 11100000 01000100  0@PC.D
00001566: 11100000 01010000 00110001 10100001 00010010 11010010  .P1...
0000156c: 10010000 11010111 00010010 10100000 00110000 10100010  ....0.
00001572: 00110001 10100000 00110000 10100000 00110001 10100000  1.0.1.
00001578: 00010001 11010110 10010000 10110001 01110000 00001111  ....p.
0000157e: 00001011 11111110 01111111 01110010 01100000 10010001  ...r`.
00001584: 10110000 10100000 00010001 11010001 10010010 11010011  ......
0000158a: 00010000 10100001 00110000 10100010 00110000 10100000  ..0.0.
00001590: 00110001 01010001 01000001 01010001 01000001 11100000  1QAQA.
00001596: 01000101 01010000 01000000 01010001 00110010 10100000  EP@Q2.
0000159c: 00010001 11010011 10010001 00010001 11010000 00010001  ......
000015a2: 11010000 00010000 00110000 10100000 00110000 10100000  ..0.0.
000015a8: 00010000 10100001 00110000 10100011 00110000 10100000  ..0.0.
000015ae: 00010001 11010001 10010001 11010001 10010001 10110000  ......
000015b4: 11100000 00001111 00001100 11111110 01111111 01110000  .....p
000015ba: 10010000 01100000 00100000 11010000 10010000 10110000  .` ...
000015c0: 00110000 10100000 00010000 11010001 10010110 11010000  0.....
000015c6: 00010000 10100001 00010000 10100100 00110001 01010000  ....1P
000015cc: 01000010 01010000 01000011 11100000 01000001 01010000  BPC.AP
000015d2: 01000011 01010001 00110000 01010000 10100000 00010001  CQ0P..
000015d8: 11010010 10010000 11010001 00010000 10101001 00010000  ......
000015de: 00110011 10100001 00110010 00010000 11010101 10010001  3.2...
000015e4: 00100000 01000000 01110000 00001111 00001100 11111110   @p...
000015ea: 01111110 00000000 01100010 10010000 11010000 10010000  ~.b...
000015f0: 10110000 11010000 10100000 00010001 11010010 10010001  ......
000015f6: 10110001 10010001 11010001 00010000 10100010 00110000  .....0
000015fc: 10100010 01010010 01000010 01010000 01000000 11100000  .RBP@.
00001602: 01010000 11100000 01000000 11100000 01000011 01010000  P.@.CP
00001608: 01000001 01010000 00110000 01010000 00110000 10100000  AP0P0.
0000160e: 00010000 10100000 11010011 00010001 00110010 10100000  ....2.
00001614: 00010000 00110001 10100000 00110000 01010001 00110000  .1.0Q0
0000161a: 10100000 00110010 10100010 11010101 10010000 10110001  .2....
00001620: 01110000 00001111 00001110 11111110 01111110 01100010  p...~b
00001626: 10000000 10010011 00100000 10100000 00010001 11010010  .. ...
0000162c: 10010010 10110001 10010001 11010000 00010010 10100011  ......
00001632: 00110001 01010001 01000010 01010000 01000011 11100010  1QBPC.
00001638: 01000001 01010000 01000110 01010001 00110000 11010000  APFQ0.
0000163e: 01010000 10100001 11010000 00110100 01010000 00110001  P..4P1
00001644: 01010011 00110001 10100000 00110001 10100000 00010001  S1.1..
0000164a: 11010100 10010000 10110000 00110000 00001010 11111110  ...0..
00001650: 01111101 10000000 01100010 10110000 10010100 00100000  }.b.. 
00001656: 10100000 11010011 10010010 10110010 10010010 11010000  ......
0000165c: 00010010 10100000 00010000 10100000 00010000 10100000  ......
00001662: 00110000 01010001 01000000 01010000 01000000 01010000  0Q@P@P
00001668: 01000010 11100001 01000001 11100001 01000111 01010100  B.A.GT
0000166e: 01000001 01010010 01000000 00110000 01010010 01000000  AR@0R@
00001674: 00110010 10100000 00110001 10100001 00010000 11010010  2.1...
0000167a: 00010000 10010000 10110001 11111000 00001100 11111110  ......
00001680: 01111100 01100100 10010101 10110000 00100000 00010000  |d.. .
00001686: 11010010 10010000 11010000 10010011 10110000 10010011  ......
0000168c: 11010000 00010010 10100011 00110000 01010000 01000000  ...0P@
00001692: 01010000 01000001 01010000 01000000 11100000 01000000  PAP@.@
00001698: 11100000 11000000 11100111 01000000 11100001 11000000  ...@..
0000169e: 11100001 01000000 11100000 01000011 01010000 01000000  .@.CP@
000016a4: 01010000 01000001 01010010 00110000 10100001 00110001  PAR0.1
000016aa: 10100000 00010001 10010000 11010001 10010001 10100000  ......
000016b0: 00000001 11111110 01111011 10110000 01100011 10000000  ..{.c.
000016b6: 10010101 10110001 00100000 11010011 10010100 10110001  .. ...
000016bc: 10010000 10110001 10010000 11010010 00010011 10100000  ......
000016c2: 00110001 01010001 01000010 11100010 01000000 11100101  1QB.@.
000016c8: 11000001 11100000 11000011 01000000 11100010 01000000  ...@.@
000016ce: 11100001 01000011 01010011 00110011 00010001 11010010  .CS3..
000016d4: 10010001 10110000 01110001 00000010 11111110 01111010  ..q..z
000016da: 00010000 01100100 10000000 10110000 10010110 10110010  .d....
000016e0: 10010000 11010000 10010101 10110000 10010000 10110000  ......
000016e6: 10010011 11010001 00010010 10100000 00110000 01010010  ....0R
000016ec: 01000001 11100000 01000001 11100010 11000000 11100000  A.A...
000016f2: 01010000 11100000 01000000 11100101 11000000 11100010  P.@...
000016f8: 01000000 11100000 01000000 01010000 01000001 01010011  @.@PAS
000016fe: 00110001 10100000 00110000 10100000 00010010 11010001  1.0...
00001704: 10010000 10110001 00100000 01110001 00001111 00001111  .. q..
0000170a: 00000001 11111110 01111001 11100000 01100110 10110000  ..y.f.
00001710: 10010111 10110001 10000000 10010000 11010001 10011000  ......
00001716: 10110000 10010010 11010001 00010010 10100000 00110000  .....0
0000171c: 01010010 01000000 11100000 01000001 11100011 11000000  R@.A..
00001722: 11100000 01000000 11100000 01000001 11100001 10100000  .@.A..
00001728: 11100010 00110000 11100000 01000010 01010001 00110010  .0.BQ2
0000172e: 10100000 00110011 11010010 10010010 10110001 00100010  .3..."
00001734: 01110000 00001111 00001111 00000100 11111110 01111000  p....x
0000173a: 10110000 01100111 10110000 10011000 10110001 00100001  .g...!
00001740: 10010110 10110001 10010000 10110011 10010000 10110000  ......
00001746: 10010000 11010000 00010010 10100000 00110001 01010000  ....1P
0000174c: 01000010 11100001 01000011 01010000 01000000 01010000  B.CP@P
00001752: 00110000 01000001 01010010 11100000 01010101 00110000  0AR.U0
00001758: 10100011 00010000 00110000 10100000 11010001 10010001  ..0...
0000175e: 11010000 10110000 00100000 10000000 10110000 01100000  .. ..`
00001764: 00100000 01100000 10110000 01110000 00001111 00001111   `.p..
0000176a: 00000000 11111110 01110111 10110000 01101000 10000000  ..w.h.
00001770: 10011000 10110000 10010000 10110001 10000000 10110000  ......
00001776: 10010101 10110111 10010001 11010000 00010000 11010000  ......
0000177c: 00010001 10100000 00110000 01010000 00110000 01010001  ..0P0Q
00001782: 01000000 01010001 10100000 01010000 00110000 01000001  @Q.P0A
00001788: 01010000 00110001 01010010 00110001 10100000 01010000  P1R1.P
0000178e: 10100000 00110000 10100001 00010000 10100001 00010000  .0....
00001794: 10100000 11010010 10010010 10110000 10000000 10110001  ......
0000179a: 01100000 10000000 00100000 01100001 11000000 01110000  `. a.p
000017a0: 00001111 00001111 00000010 11111110 01110110 10110000  ....v.
000017a6: 01101010 10110000 10010001 11010000 10010111 10110010  j.....
000017ac: 10000000 10110000 10010100 10111000 10010100 11010001  ......
000017b2: 00010001 00110000 10100000 00110001 10100000 00110010  .0.1.2
000017b8: 10100001 00110000 00010000 00110010 10100101 10010000  .0.2..
000017be: 11010010 00010001 11010001 10110001 00100000 10110001  .... .
000017c4: 00100000 10000001 00100000 10000000 01100000 00100001   . .`!
000017ca: 10000000 01100000 00100000 01110000 00001111 00001111  .` p..
000017d0: 00000010 11111110 01110101 11110000 01101011 10000000  ..u.k.
000017d6: 10011011 10110010 00100000 10000000 10110000 10010011  .. ...
000017dc: 10110010 00100001 10110000 00100001 10110010 10010000  .!.!..
000017e2: 10110000 10010011 11010000 00010010 10100001 00010000  ......
000017e8: 10100000 00010010 10100000 00010000 11010110 10010000  ......
000017ee: 11010000 00010000 11010000 10010010 10110001 00100011  .....#
000017f4: 10000010 00100000 01100001 10000001 10110000 00100000  . a.. 
000017fa: 01100001 10100000 00001111 00001111 00000000 11111110  a.....
00001800: 01110011 00000000 01101110 00100000 10010010 11010000  s.n ..
00001806: 10011001 10110001 00100000 10000000 00100000 10110100  .. . .
0000180c: 00100001 10000001 00100000 10000000 00100010 10110111  !. .".
00001812: 10010011 11010001 10010000 11010000 00010000 10010000  ......
00001818: 11010000 10010010 10110011 00100101 10000000 00100000  ...%. 
0000181e: 10000001 01100000 10000001 00100001 10000000 01100000  .`.!.`
00001824: 10000001 00100010 01100010 00001111 00001111 00000010  ."b...
0000182a: 11111110 01110010 00100000 01101111 01100000 10110000  .r o`.
00001830: 10010001 11010000 10010011 11010000 10010101 10110011  ......
00001836: 10000001 10110010 00100011 10000011 01100000 10000001  ..#.`.
0000183c: 00100010 01100000 10000110 10110000 00100000 10000001  "`.. .
00001842: 00100000 10000000 00100001 10000000 00100001 10000000   .!.!.
00001848: 01100000 10000000 01100100 10000000 01100000 10000010  `.d.`.
0000184e: 00100000 10110000 00100000 10000000 01100000 10000001   . .`.
00001854: 00100011 01100010 10000000 11111000 00001111 00001111  #b....
0000185a: 11111110 00010000 01101111 01100100 10010001 11010001  ..od..
00001860: 10010001 11010000 10010000 11010000 10010110 10110010  ......
00001866: 00100000 10000001 00100000 10110001 00100011 10000000   . .#.
0000186c: 01100101 10000100 01100010 10000000 01100010 10000000  e.b.b.
00001872: 01101111 10000011 00100001 10000000 01100000 00100110  o.!.`&
00001878: 01100101 10000000 00110000 11110000 01110010 00001111  e.0.r.
0000187e: 00000001 11111110 01101111 01100101 10000000 10010010  ..oe..
00001884: 11010100 10011000 10110001 00100010 10000000 00100000  ...". 
0000188a: 10110000 00100011 10000010 01100110 10000000 01101111  .#.f.o
00001890: 01100011 10000100 00100011 10000000 01100000 10000000  c.#.`.
00001896: 00100110 01101010 10000000 11110000 01110010 00000000  &j..r.
0000189c: 01110000 00001111 00000011 11111110 01101111 01100110  p...of
000018a2: 00100000 10010010 11010101 10010000 11010000 10010110   .....
000018a8: 10110011 00100000 10000001 00100010 10000000 00100000  . .". 
000018ae: 10000011 01101111 01100001 10000000 01100001 10000000  .oa.a.
000018b4: 01100000 10000011 00100000 10000000 00100011 01100001  `. .#a
000018ba: 10000000 00100111 01101111 10000000 10100000 01110011  .'o..s
000018c0: 00001101 11111110 01101111 01100111 00100000 10010000  ..og .
000018c6: 11011000 10010000 11010001 10010101 10110010 00100001  .....!
000018cc: 10000001 01100000 00100001 10000111 01101010 10001001  .`!.j.
000018d2: 00100000 10000000 00100100 10000000 01100000 10000000   .$.`.
000018d8: 00101000 10000000 01101111 01100011 10000000 11110000  (.oc..
000018de: 01110001 00001100 11111110 01101111 01101000 10110000  q..oh.
000018e4: 10010000 11011101 10010011 10110011 00100001 10000001  ....!.
000018ea: 01100000 00100011 10001000 01100000 10001111 00100011  `#.`.#
000018f0: 10000001 01100001 10000000 10110001 00100110 10000000  .a..&.
000018f6: 01101111 01101000 00010000 11111000 00001001 11111110  oh....
